Agreeableness: 77.10000000000001
Conscientiousness: 76.3
Extraversion: 51.300000000000004                                                                               28-Aug-25
Neuroticism: 33.6
Openness: 66.5
Psychopathy: 24.6
Machiavellianism: 32.9
Narcissism: 22.8